0240008000000700001800406430000800070002180600732600000030008601
0603400140005302000600000100070500820000070000840004010005210608
2300000007004250800060005000740200020100407020061023070000060500
0600000430000600701005000580007000015806000030006370840150400002
0800630065230010830407520100004040010000000205000000000770000008
0000162060000078001080060000720502580060000407000081005750200030
0402000008002074730081255000006000031002002100000005080140803000
0081000000008200020701000006030074020000000050021040206068037040
0000508010000002004520008160003402001400450008000004060030010050
4000000707365008000004001003080078000000000500720050002603000081
